29
43
7
75
98
56
7
79
96
39
78
93
28
5
27
71
65
29
15
63
10
79
6
88
23
13
24
66
92
37
35
88
74
61
0
71
19
81
52
73
5
98
68
69
54
25
89
59
43
38
78
5
92
58
55
35
84
64
0
68
58
91
35
49
31
30
19
44
50
35
66
35
26
58
22
50
20
6
64
16
83
4
73
61
1
67
26
94
75
29
32
5
80
36
62
43
38
59
79
16
83
52
83
47
0
26
6
1
16
35
96
44
52
76
96
95
66
62
20
51
44
64
61
22
75
72
16
97
18
19
85
66
41
77
69
75
10
78
56
17
79
86
57
89
94
80
50
85
95
6
35
92
8
98
30
83
95
34
89
31
40
42
57
48
14
38
11
25
89
18
77
43
13
1
83
73
94
31
60
72
76
12
69
47
35
78
4
83
16
71
37
37
70
8
90
35
36
14
94
12
60
3
97
54
94
33
50
82
87
38
78
91
13
28
5
22
59
93
27
18
42
79
73
83
76
73
29
74
40
86
36
67
91
80
60
11
78
22
35
74
90
99
67
52
65
29
91
40
26
37
62
61
81
90
95
89
45
10
14
45
46
94
39
48
83
9
85
14
81
60
24
51
54
65
84
35
42
1
79
97
80
24
18
68
21
23
45
36
29
58
80
97
78
90
53
98
63
71
17
17
11
10
7
51
12
24
5
37
7
86
45
52
36
17
71
98
49
24
26
2
61
46
4
90
72
38
84
65
32
65
67
63
75
21
63
36
42
8
69
85
15
69
73
87
70
97
60
28
27
47
22
16
8
92
78
95
4
37
23
40
89
63
25
74
39
69
84
20
19
18
29
64
75
70
64
73
31
95
26
61
65
41
77
2
78
62
49
65
10
44
74
93
30
33
92
2
61
62
35
86
36
37
53
74
16
76
9
62
46
75
97
86
53
1
16
40
20
88
26
75
90
31
10
19
24
24
47
88
82
79
70
34
67
90
72
90
76
49
44
70
96
73
44
46
25
76
73
6
53
72
61
54
28
66
9
34
95
15
24
0
31
57
19
91
48
91
63
96
76
91
25
44
48
78
80
86
6
15
70
93
46
4
37
49
63
64
25
2
5
42
24
1
42
65
25
79
38
70
98
97
44
59
64
38
2
29
1
65
20
48
6
47
82
27
35
57
89
91
0
95
32
82
2
8
96
80
16
1
65
54
80
25
72
36
45
67
43
62
58
56
91
51
89
97
86
57
15
46
68
21
48
81
84
89
23
44
1
57
28
89
2
80
74
79
83
44
13
83
6
5
20
63
55
26
75
52
0
35
8
46
5
90
88
44
40
33
91
9
17
78
53
71
60
79
35
36
31
57
22
18
0
87
19
5
56
91
4
66
55
64
95
44
32
72
41
96
4
66
10
61
19
73
87
51
27
27
60
11
55
68
26
40
92
35
34
30
22
15
57
1
33
72
83
22
89
89
25
69
85
22
63
53
45
52
63
49
72
88
29
1
10
65
16
58
14
37
66
15
44
22
32
95
14
76
13
8
20
43
90
83
54
39
70
40
78
59
84
5
35
95
58
45
30
79
44
94
51
58
43
8
80
48
63
26
26
58
77
39
29
80
10
2
71
77
17
87
77
60
74
59
95
79
10
40
29
80
71
45
18
49
68
76
64
44
1
36
26
56
15
59
80
48
43
26
29
18
54
5
92
57
1
27
64
16
62
33
12
54
67
3
88
22
2
7
18
3
90
47
82
6
10
95
69
57
0
16
88
40
90
68
61
83
5
61
18
42
69
85
19
10
14
88
76
65
32
98
72
29
51
33
28
86
35
68
99
81
49
34
58
66
24
76
65
6
50
97
2
38
45
83
14
71
90
16
82
75
19
1
11
70
54
0
46
10
25
77
52
17
23
5
21
84
49
10
88
46
33
55
8
91
39
4
29
59
65
84
59
83
11
11
63
54
25
55
48
17
5
19
38
13
40
13
29
43
77
41
54
34
64
7
38
77
30
0
96
92
86
14
74
85
52
65
92
32
62
37
33
80
63
77
82
29
66
75
57
26
35
74
71
7
61
13
10
65
64
50
63
83
54
91
36
82
9
18
82
33
47
0
9
90
51
64
25
16
8
61
1
97
60
81
83
53
7
58
12
94
54
30
26
20
11
92
40
64
27
43
93
17
19
39
37
11
0
63
41
91
54
84
78
4
72
53
54
52
18
20
63
68
31
1
44
23
3
59
58
57
13
7
36
36
42
74
76
83
62
71
95
90
24
85
